[fiducial0]
x=0
y=0
z=0
[fiducial1]
x=29.8628
y=10.3457
z=0
[fiducial2]
x=99.8433
y=-0.00581653
z=0.108495
[fiducial3]
x=134.924
y=0
z=0
[geometry]
count=4
id=24090